0 0.4558237637684554 0.2460745254277009 0.08788375908132177 0.1218654792594328
0 0.5533747363487226 0.3386454183266931 0.08876259667213497 0.11483477853292706
0 0.5375556597140847 0.4769158659479727 0.08348957112725568 0.1230372627138504
0 0.40748769627372844 0.5730021092102178 0.08436840871806887 0.13358331380360905
0 0.45406608858682895 0.47105694867588455 0.08085305835481599 0.1218654792594328
0 0.3380595265994843 0.4956644012186546 0.08348957112725568 0.13006796344035623
0 0.4654909772674008 0.3609093039606279 0.08700492149050856 0.11249121162409184
0 0.3345441762362314 0.25076165924537136 0.10282399812514648 0.11249121162409184
0 0.3767283805952658 0.35856573705179273 0.08876259667213497 0.1253808296226857
0 0.2739043824701194 0.35505038668853983 0.0922779470353878 0.12772439653152087
