0 0.3997645780514304 0.35403839188699726 0.08964143426294818 0.1086562839550887
0 0.4907642158638172 0.35584932995291546 0.08013400941687789 0.10593987685621145
0 0.5260775081492209 0.438247011952191 0.08556682361463237 0.1104672220210068
0 0.43915248098515003 0.44820717131474075 0.08624592538935161 0.11408909815284315
0 0.5831220572256425 0.5088735965229987 0.0814922129663165 0.11590003621876122
0 0.557316189786309 0.6193408185440055 0.09711155378486057 0.10684534588917052
0 0.5009507424846067 0.5469032959072797 0.09032053603766742 0.11046722202100688
0 0.3963690691778339 0.5469032959072797 0.08964143426294811 0.10865628395508865
0 0.4581673306772906 0.638355668236146 0.07062658457080766 0.13129300977906547
0 0.37327960883737754 0.6274900398406371 0.08692502716407091 0.12042738138355664
