0 0.29067938771230856 0.3501782344306981 0.081778150555672 0.12057035017823435
0 0.35594464248270064 0.3952610610190814 0.08256447892639959 0.11323128538477668
0 0.4589536590480182 0.3795344936045291 0.08649612078003774 0.10589222059131885
0 0.5446634514573283 0.3648563640176136 0.08492346403858245 0.1310547284546026
0 0.6468861396519184 0.4707485846089325 0.09357307611658615 0.11637659886768709
0 0.4699622562382048 0.48228140071293746 0.08492346403858252 0.11113440972950306
0 0.5957747955546233 0.5892220591318932 0.09671838959949672 0.12371566366114484
0 0.477825539945481 0.5797861186831618 0.08806877752149289 0.12057035017823443
0 0.3818934787167119 0.5294611029565944 0.08964143426294811 0.1268609771440553
0 0.3032606416439504 0.526315789473684 0.07863283707276156 0.12161878800587121
