0 0.4255201416555997 0.295484727755644 0.08632138114209821 0.11620185922974767
0 0.5010513501549356 0.4028331119964585 0.09047144754316062 0.1316954404603807
0 0.3898295706064629 0.3751660026560424 0.08798140770252316 0.1106684373616644
0 0.34666888003541374 0.46702080566622384 0.07553120849933598 0.130588756086764
0 0.24789729969012828 0.5046480743691897 0.09794156706507301 0.11509517485613104
0 0.3474988933156262 0.6352368304559537 0.08798140770252323 0.11730854360336439
0 0.458720672864099 0.5433820274457722 0.08466135458167326 0.10956175298804781
0 0.5948428508189463 0.5101814962372729 0.09213147410358558 0.130588756086764
0 0.4969012837538732 0.6706507304116864 0.08051128818061085 0.12173528109783076
0 0.40725984949092503 0.7115980522355022 0.09545152722443562 0.11620185922974763
