0 0.5898281872509958 0.3274402390438246 0.08964143426294824 0.11329681274900398
0 0.377863545816733 0.20916334661354577 0.10178037848605576 0.11205179282868523
0 0.43295567729083656 0.30751992031872505 0.08964143426294818 0.11080677290836652
0 0.3731947211155377 0.36479083665338635 0.08310507968127492 0.11703187250996011
0 0.26207669322709154 0.4220617529880477 0.08403884462151395 0.1157868525896414
0 0.5935632470119521 0.45069721115537836 0.08684013944223105 0.1157868525896414
0 0.5720866533864539 0.5615039840637449 0.08684013944223105 0.11952191235059757
0 0.4366907370517927 0.4955179282868525 0.09057519920318724 0.12699203187250993
0 0.3526518924302787 0.5639940239043824 0.08403884462151393 0.12325697211155374
0 0.4124128486055776 0.6225099601593624 0.09337649402390437 0.12699203187250993
