1 0.2771058622652247 0.2902675014228799 0.12485771200910636 0.08821855435401248
1 0.4435828116106999 0.26892430278884455 0.08964143426294818 0.10813887307911209
1 0.5492316448491745 0.34575981787137156 0.11845475241889583 0.11525327262379058
1 0.6164627205463856 0.4837791690381331 0.09604439385315881 0.09960159362549796
1 0.3539413773477518 0.3742174160500853 0.09604439385315874 0.1394422310756972
1 0.4948064883323846 0.5976095617529879 0.0875071143995446 0.12805919180421174
1 0.5225526465566305 0.479510529311326 0.1013801935116676 0.11383039271485486
1 0.43397837222538405 0.5264655663062036 0.08217131474103585 0.14513375071144
1 0.4382470119521911 0.4126351735913488 0.11418611269208873 0.10671599317017637
1 0.3454040978941376 0.5108138873079111 0.11098463289698351 0.10529311326124069
