1 0.42778884462151373 0.23240371845949528 0.12765604249667997 0.10491367861885788
1 0.5315405046480742 0.3240371845949534 0.10458167330677288 0.1088977423638778
1 0.38413014608233714 0.3134130146082336 0.07370517928286852 0.15537848605577687
1 0.42895086321381126 0.40770252324037176 0.10258964143426291 0.12616201859229748
1 0.5474767596281539 0.4116865869853917 0.10458167330677295 0.10889774236387775
1 0.3094289508632137 0.4262948207171313 0.10358565737051793 0.13147410358565734
1 0.5763612217795483 0.5126162018592296 0.10358565737051793 0.09827357237715802
1 0.5733731739707834 0.6122177954847277 0.10657370517928282 0.09561752988047804
1 0.5136122177954845 0.5298804780876493 0.07179614873837979 0.16467463479415667
1 0.4179946879150065 0.5484727755644089 0.09362549800796814 0.1301460823373174
