1 0.3512038801316472 0.3175533161471759 0.11428709713575358 0.08554019217248648
1 0.4268221232716192 0.35505038668853983 0.10194516053433321 0.11952191235059753
1 0.5226154206702599 0.39489102413873906 0.072943520037497 0.13827044762127957
1 0.5771033513006795 0.441762362315444 0.11424888680571817 0.10194516053433318
1 0.5252519334426996 0.5319896883056009 0.11512772439653156 0.08085305835481604
1 0.5265892949939371 0.6080027715226051 0.1208210635717998 0.10826260176684561
1 0.4259050753507707 0.5698943357006754 0.11562445868699113 0.09353888792655463
1 0.3856313874935041 0.48848085917200745 0.10977827819158142 0.0892083838558808
1 0.31547722154858815 0.43997921358046066 0.07145331716611811 0.15503204573012289
1 0.2829984410185345 0.6036722674519313 0.08899185865234709 0.14637103758877523
