1 0.6155931828242582 0.575475874280655 0.07055112881806112 0.16157591854803008
1 0.5417220008853473 0.3961930057547586 0.12450199203187252 0.09738822487826469
1 0.5242917220008851 0.4991146525011065 0.11454183266932273 0.08853474988933152
1 0.505201416555998 0.3231518370960601 0.1079017264276228 0.10292164674634796
1 0.5093514829570605 0.5688357680389551 0.0946215139442231 0.12173528109783084
1 0.4529105799026116 0.6053563523683043 0.10043160690571047 0.13612217795484724
1 0.4288401947764496 0.4482071713147409 0.0788512616201859 0.1527224435590969
1 0.4529105799026116 0.3629924745462593 0.06225099601593629 0.12948207171314738
1 0.3632691456396634 0.37627268702965905 0.0913014608233732 0.1339088092076139
1 0.3142983621071269 0.3231518370960601 0.09213147410358564 0.13280212483399734
