2 0.6078187250996013 0.48306772908366513 0.0672310756972111 0.07768924302788843
2 0.5353585657370515 0.5019920318725097 0.05901394422310752 0.07768924302788843
2 0.4815737051792826 0.4033864541832668 0.06200199203187252 0.08466135458167327
2 0.4449701195219121 0.4790836653386452 0.06947211155378484 0.06872509960159359
2 0.5263944223107567 0.5976095617529879 0.06349601593625497 0.0697211155378486
2 0.47709163346613526 0.6277918628516235 0.06050796812749002 0.06643124471809735
2 0.46526017143546994 0.5475069419292524 0.05432814197754435 0.07968127490039835
2 0.4100265604249666 0.5559579862368704 0.057950018109380545 0.0724375226367258
2 0.3919171797657851 0.4497162863696726 0.058402752625860165 0.08330315103223472
2 0.3579620910298199 0.5553543402148977 0.05523361101050346 0.0657974163950259
