2 0.47549800796812736 0.35219123505976085 0.053187250996015886 0.09243027888446208
2 0.5340637450199202 0.35856573705179273 0.053784860557768883 0.08286852589641427
2 0.5597609561752985 0.4254980079681273 0.057370517928286825 0.08525896414342628
2 0.49641434262948186 0.43665338645418317 0.06215139442231077 0.07569721115537843
2 0.49820717131474085 0.5115537848605576 0.05916334661354577 0.07410358565737052
2 0.5352589641434261 0.5768924302788843 0.05079681274900401 0.07808764940239044
2 0.46175298804780857 0.5752988047808764 0.05557768924302789 0.07410358565737044
2 0.3882470119521911 0.5569721115537847 0.05677290836653383 0.07410358565737052
2 0.4372509960159361 0.46454183266932253 0.06155378486055777 0.07250996015936251
2 0.3721115537848604 0.4964143426294819 0.05856573705179283 0.0693227091633466
