2 0.394223107569721 0.36175298804780864 0.052589641434262945 0.07968127490039835
2 0.3822709163346612 0.43665338645418317 0.05557768924302789 0.07649402390438244
2 0.33625498007968113 0.4398406374501991 0.04661354581673306 0.08127490039840636
2 0.4749003984063743 0.44462151394422295 0.053187250996015886 0.08207171314741037
2 0.5298804780876493 0.490836653386454 0.06035856573705177 0.07649402390438252
2 0.5358565737051791 0.5840637450199201 0.04482071713147412 0.08127490039840636
2 0.4294820717131473 0.6223107569721114 0.0627490039840637 0.06852589641434267
2 0.39780876494023887 0.5537848605577688 0.06035856573705183 0.07490039840637451
2 0.48864541832669306 0.5338645418326692 0.05318725099601595 0.07888446215139444
2 0.42051792828685247 0.4892430278884461 0.06454183266932265 0.0693227091633466
