2 0.514977128522945 0.39324184742511414 0.05422753430721546 0.07820569573557618
2 0.5703113472037772 0.4707097535782792 0.052014165559982256 0.08041906448280953
2 0.5858049284344101 0.5334218680832225 0.06086764054891546 0.07082779991146519
2 0.5443042644237861 0.59908514091781 0.052014165559982256 0.08041906448280944
2 0.4491294082927547 0.6197432492253206 0.05312084993359889 0.07451674782352063
2 0.4873100191825289 0.5385863951601001 0.04814077025232403 0.07894348531798735
2 0.5088903644680535 0.4803010181496235 0.06474103585657363 0.06861443116423191
2 0.4142688505238304 0.4670208056662238 0.05865427180168213 0.07746790615316508
2 0.43529585362254664 0.5555555555555554 0.05367419212040721 0.0759923269883429
2 0.3738748708868229 0.5607200826324329 0.06197432492253204 0.06566327283458756
