2 0.5753074657890177 0.36809284600727515 0.050017322016282596 0.08314567815693742
2 0.4739736705352502 0.3490386280963103 0.0662567122813095 0.07275246838732026
2 0.5590680755239908 0.48761475835787277 0.06235925861770316 0.08401177897107218
2 0.5103499047289103 0.43564870950978685 0.061060107396500966 0.07794907327212884
2 0.37783648016629123 0.3784860557768923 0.0656071366707084 0.07275246838732022
2 0.44669149489000504 0.4321843062532478 0.054564351290490226 0.07708297245799413
2 0.5213926901091285 0.5317858998787457 0.04806859518447943 0.08054737571453316
2 0.4681274900398405 0.5222587909232633 0.05326520006928803 0.0866100814134765
2 0.4161614411917546 0.49800796812748993 0.054564351290490226 0.08227957734280267
2 0.4278538021825739 0.5802875454702926 0.04871817079508053 0.08227957734280267
