3 0.42306962625687705 0.35666856383987844 0.05904951622083095 0.11288180610889773
3 0.3775374691709351 0.4600645038892049 0.052646556630620386 0.09960159362549796
3 0.4828305824321758 0.4107380003794345 0.051935116676152505 0.08157844811231263
3 0.5354771390627961 0.44109277177006245 0.05904951622083095 0.07683551508252699
3 0.5447258584708781 0.5169797002466323 0.050512236767216806 0.09391007398975525
3 0.5553974577878957 0.6061468412066019 0.06545247581104151 0.07873268829444126
3 0.46362170366154404 0.47619047619047594 0.07185543540125214 0.07398975526465564
3 0.42022386643900567 0.4951622083096185 0.04410927717700624 0.09580724720166943
3 0.4707361032062225 0.5625118573325742 0.07185543540125207 0.059760956175298745
3 0.45081578448112286 0.6108897742363875 0.05833807626636313 0.07778410168848408
