3 0.40511865581153633 0.357699636237658 0.07080374155551701 0.08747618222761125
3 0.45253767538541473 0.39320976961718335 0.06041053178589986 0.06409146024597265
3 0.5233414169409317 0.3958080720595876 0.06300883422830414 0.08401177897107218
3 0.5824527975056295 0.4044690802009353 0.0513164732374848 0.088342283041746
3 0.6006409146024595 0.4763554477741208 0.07080374155551701 0.06668976268837688
3 0.5109994803395114 0.5534384202321149 0.061060107396500966 0.06842196431664647
3 0.4629308851550319 0.4590334314914255 0.08444482937813964 0.06495756106010737
3 0.4557855534384201 0.5092672787112419 0.05326520006928803 0.09613719036895886
3 0.3869305387147063 0.5508401177897106 0.051966048848085894 0.11345920665165415
3 0.402520353369132 0.45210462497834736 0.05521392690109132 0.10306599688203708
