3 0.42421224194132534 0.3404563563926112 0.05432814197754435 0.1014125316914161
3 0.5226819992756244 0.39659543643607365 0.04414161535675482 0.10050706265845703
3 0.4642792466497643 0.412893879029337 0.061119159724737374 0.08601955813111184
3 0.5953458891705901 0.4608837377761678 0.06926838102136894 0.07787033683448022
3 0.524040202825063 0.49529156102861255 0.06247736327417604 0.07696486780152115
3 0.5315103223469755 0.601231437884824 0.06451466859833388 0.075153929735603
3 0.48804780876493997 0.5767837739949291 0.04957442955450917 0.10503440782325238
3 0.3922944585295181 0.5831220572256426 0.06791017747193039 0.08058674393335742
3 0.39501086562839527 0.4907642158638172 0.07741760231800068 0.075153929735603
3 0.4731075697211153 0.48623687069902183 0.05229083665338638 0.07696486780152115
