3 0.4921617876320802 0.36895894682140995 0.05001732201628272 0.09960159362549792
3 0.4226571972977653 0.42958600381084344 0.07989780010393208 0.07102026675905079
3 0.36744327039667407 0.401870777758531 0.06690628789191061 0.0718863675731855
3 0.36484496795426974 0.5291875974363415 0.05521392690109132 0.10912870258098033
3 0.47267451931404797 0.5179282868525895 0.07470119521912354 0.0718863675731855
3 0.5863502511692359 0.4616317339338298 0.08249610254633628 0.07015416594491591
3 0.6103845487614756 0.5395808072059587 0.049367746405681624 0.09700329118309366
3 0.560367226745193 0.6201281829204918 0.06885501472371378 0.05629655291875972
3 0.5220422657197296 0.5690282348865406 0.0734020439979214 0.07102026675905079
3 0.4064178070327385 0.5750909405854839 0.06690628789191061 0.08227957734280275
