3 0.42980252901437715 0.31266239390265016 0.0766499220509267 0.06928806513078119
3 0.39732374848432345 0.3819504590334314 0.05391477567988907 0.07361856920145501
3 0.3460072752468386 0.3559674346093884 0.07405161960852244 0.05716265373289452
3 0.5019054217910963 0.4408453143945954 0.07015416594491604 0.07794907327212884
3 0.5649142560194005 0.475489346959986 0.05001732201628272 0.09353888792655463
3 0.5032045730122985 0.5179282868525895 0.05521392690109126 0.08487787978520699
3 0.3908279923783127 0.5612333275593278 0.06885501472371378 0.07708297245799405
3 0.4434436168369997 0.4746232461458513 0.05391477567988913 0.07621687164385933
3 0.3784860557768923 0.46509613719036885 0.058461804954096634 0.09180668629828512
3 0.3466568508574397 0.5326520006928805 0.046119868352676195 0.09960159362549796
