4 0.5816733067729081 0.4432270916334659 0.09262948207171312 0.06573705179282867
4 0.527141434262948 0.4641434262948205 0.0530378486055777 0.11155378486055773
4 0.5136952191235057 0.3715139442231074 0.05901394422310758 0.10956175298804781
4 0.49427290836653365 0.30179282868525886 0.0530378486055777 0.12450199203187245
4 0.40014940239043806 0.26593625498007956 0.08665338645418325 0.10258964143426293
4 0.4516932270916333 0.3824701195219122 0.05229083665338644 0.11653386454183265
4 0.3598107569721114 0.4243027888446213 0.05901394422310752 0.1235059760956175
4 0.4360059760956173 0.4790836653386452 0.09188247011952187 0.07370517928286852
4 0.39342629482071695 0.5488047808764939 0.10159362549800795 0.06474103585657368
4 0.49427290836653365 0.5557768924302786 0.06050796812749002 0.10657370517928282
