4 0.43457747955546217 0.40679387712308646 0.09514573285804143 0.06710002096875649
4 0.5265778989305931 0.5221220381631367 0.10065003145313474 0.06395470748584609
4 0.5438771230866007 0.585028307821346 0.10222268819458996 0.06185783183057246
4 0.4762528832040258 0.6678548962046548 0.04403438876074648 0.13105472845460267
4 0.4534493604529249 0.6018033130635351 0.08806877752149296 0.07024533445166697
4 0.42985950933109646 0.6521283287901025 0.04639337387292934 0.116376598867687
4 0.37796183686307383 0.6311595722373661 0.04796603061438451 0.13734535542042348
4 0.4306458377018241 0.5273642273013208 0.08806877752149289 0.08072971272803521
4 0.31112392535122646 0.5294611029565944 0.06762423988257495 0.12895785279932895
4 0.39447473264835375 0.47179702243656935 0.06369259802893686 0.12476410148878161
