4 0.4696215139442229 0.6384462151394419 0.09487051792828675 0.07470119521912352
4 0.530129482071713 0.5498007968127488 0.07694223107569717 0.09163346613545813
4 0.3702689243027887 0.5697211155378483 0.07619521912350598 0.11752988047808766
4 0.5226593625498005 0.49900398406374485 0.09711155378486057 0.06872509960159359
4 0.2806274900398405 0.5547808764940236 0.09711155378486054 0.06872509960159359
4 0.3321713147410357 0.5109561752988045 0.09561752988047806 0.06872509960159359
4 0.4524402390438245 0.5139442231075695 0.07246015936254972 0.09960159362549796
4 0.3575697211155377 0.4043824701195218 0.09188247011952187 0.10059760956175288
4 0.539840637450199 0.37649402390438236 0.05453187250996014 0.1225099601593625
4 0.466633466135458 0.42529880478087634 0.09038844621513938 0.07768924302788843
4 0.41733067729083645 0.4711155378486054 0.09412350597609556 0.06175298804780875
