4 0.6222728135078729 0.44014418516410525 0.0661639157655094 0.11383039271485486
4 0.4742933029785617 0.3756402959590209 0.09391007398975516 0.06545247581104155
4 0.29358755454372965 0.3519256308100928 0.05976095617529883 0.13659647125782579
4 0.5212483399734393 0.4942136217036613 0.08608423449060897 0.06260671599317019
4 0.45010434452665504 0.4723961297666475 0.05122367672168469 0.12900777841016875
4 0.5112881806108895 0.5435401252134318 0.06616391576550933 0.10624169986719778
4 0.44654714475431584 0.6023524947827734 0.10173591348890149 0.07398975526465564
4 0.3398311515841394 0.4799848226143045 0.05051223676721686 0.12900777841016875
4 0.38180610889774214 0.5150825270347181 0.06687535571997721 0.08916714095996953
4 0.35975147030923904 0.41168658698539157 0.07754695503699481 0.1033959400493265
