4 0.4984229747675961 0.3154050464807436 0.07221115537848607 0.11371181938911017
4 0.44862217795484716 0.3154050464807436 0.07034362549800795 0.10873173970783533
4 0.4691650066401061 0.4274568393094288 0.08154880478087646 0.10292164674634792
4 0.5102506640106239 0.5494687915006639 0.08839641434262951 0.07802124833997338
4 0.5538263612217793 0.6042496679946877 0.1039591633466135 0.06723107569721118
4 0.4685424966799467 0.4780876494023903 0.0578934262948207 0.10043160690571042
4 0.4075365205843292 0.4067065073041167 0.051668326693227046 0.13197211155378485
4 0.4280793492695882 0.47393758300132793 0.049178286852589646 0.14027224435590963
4 0.33906042496679933 0.5536188579017263 0.05291334661354584 0.12284196547144753
4 0.31914010624169975 0.4755976095617529 0.09150896414342624 0.06059096945551119
