5 0.32370517928286835 0.321870413084504 0.07784650870203398 0.13000629062696578
5 0.3976200461312642 0.29775634304885706 0.07941916544348915 0.12266722583350802
5 0.4738938980918429 0.3208219752568671 0.08256447892639965 0.11742503669532395
5 0.5399454812329626 0.38163136925980273 0.08570979240931009 0.10903753407422934
5 0.3999790312434471 0.4204235688823651 0.09042776263367576 0.10798909624659249
5 0.5368001677500522 0.49276577898930574 0.08570979240931009 0.13420004193751306
5 0.5202872719647723 0.6217236317886347 0.08806877752149296 0.1268609771440553
5 0.4550220171943801 0.502201719438037 0.07548752358985111 0.11218284755713982
5 0.42042356888236504 0.6039001887188087 0.08256447892639965 0.12057035017823443
5 0.33943174669742066 0.47808764940239024 0.08570979240931009 0.13420004193751306
