5 0.4320951488164986 0.32106866651042876 0.09491445980782749 0.11014764471525658
5 0.5331614717600186 0.34450433559878124 0.08612608389969535 0.12069369580501518
5 0.542828685258964 0.4569955472228731 0.08436840871806882 0.11835012889617996
5 0.5876494023904381 0.5460510897586124 0.0966721349894539 0.11249121162409184
5 0.4637333020857744 0.45582376376845546 0.0773377079915631 0.13241153034919137
5 0.43824701195219107 0.6491680337473633 0.08964143426294818 0.10663229435200379
5 0.33630185141785784 0.5976095617529879 0.08524724630888209 0.1370986641668619
5 0.25720646824466825 0.5296461213967657 0.10985469885165217 0.11014764471525662
5 0.3609093039606279 0.38551675650339806 0.09667213498945397 0.11131942816967415
5 0.3802437309585187 0.4956644012186546 0.08788375908132177 0.11014764471525662
