5 0.630533421868083 0.40725984949092503 0.0738711819389109 0.12173528109783092
5 0.561642319610447 0.5101814962372729 0.10043160690571042 0.10734838424081454
5 0.458720672864099 0.6086764054891544 0.0971115537848605 0.11288180610889768
5 0.5002213368747231 0.2766710934041611 0.09130146082337308 0.11177512173528105
5 0.4504205400619742 0.36409915891987593 0.10043160690571042 0.11288180610889768
5 0.44544046038069923 0.47698096502877363 0.09130146082337313 0.10956175298804781
5 0.36575918548030084 0.33975210270030975 0.08300132802124831 0.1139884904825144
5 0.359119079238601 0.5024347056219565 0.09628154050464806 0.10956175298804781
5 0.22382691456396628 0.36741921204072586 0.09296148738379811 0.10513501549358123
5 0.30682824258521463 0.4006197432492252 0.08134130146082329 0.1184152279769809
