5 0.28517508911721523 0.4319563849863701 0.0975047179702243 0.11847347452296073
5 0.37796183686307383 0.31348291046340937 0.09200041937513098 0.12266722583350798
5 0.35201300062906254 0.5231704759907736 0.09435940448731385 0.12057035017823435
5 0.4463724051163764 0.5420423568882363 0.09986370308240716 0.11742503669532386
5 0.6122876913399032 0.45921576850492746 0.09986370308240716 0.11952191235059757
5 0.49197945061857806 0.4015516879849024 0.0943594044873139 0.11952191235059749
5 0.4054833298385404 0.4351016984692806 0.0912140910044034 0.1016984692807716
5 0.5965611239253509 0.36380792618997676 0.0920004193751311 0.10065003145313482
5 0.47546655483329814 0.2778360243237575 0.07470119521912348 0.1258125393164185
5 0.5517404067938768 0.26525477039211565 0.098291046340952 0.11532816104005024
