6 0.44558607674564876 0.6112392535122665 0.09986370308240716 0.0985531557978612
6 0.5706122876913396 0.5147829733696789 0.09593206122876913 0.12371566366114484
6 0.5784755713986158 0.4172782553994546 0.10379534493604518 0.09645628014258747
6 0.555672048647515 0.33130635353323534 0.08256447892639959 0.09331096665967703
6 0.4510903753407421 0.5074439085762212 0.11637659886768709 0.1016984692807716
6 0.4416544348920107 0.3910673097085341 0.12109456909205275 0.10798909624659257
6 0.37481652338016336 0.485426714195848 0.07391486684839589 0.13315160410987623
6 0.4196372405116375 0.30195009435940434 0.07706018033130634 0.10169846928077164
6 0.34729503040469684 0.38372824491507634 0.09121409100440334 0.09645628014258747
6 0.29225204445376374 0.4099391906059969 0.07941916544348915 0.1362969175927867
