6 0.37009855315579765 0.27154539735793654 0.09357307611658627 0.11113440972950298
6 0.49197945061857806 0.3061438456699516 0.07391486684839584 0.1394422310756972
6 0.5674669742084292 0.31662822394631984 0.08492346403858252 0.10484378276368204
6 0.5564583770182425 0.4204235688823651 0.07470119521912348 0.1310547284546026
6 0.5360138393793246 0.531557978611868 0.07312853847766826 0.12371566366114484
6 0.4856888236527572 0.45292514153910657 0.07076955336548539 0.12686097714405523
6 0.426714195848186 0.38058293143216587 0.0762738519605787 0.12581253931641856
6 0.3095512686097713 0.3690501153281609 0.12109456909205282 0.09645628014258747
6 0.38032082197525663 0.6238205074439083 0.09986370308240722 0.09226252883204022
6 0.4078423149507232 0.526315789473684 0.08413713566785487 0.09750471797022434
