6 0.4180500221336873 0.29437804338202733 0.08964143426294818 0.1604692341744134
6 0.5002213368747231 0.4028331119964585 0.06972111553784861 0.11398849048251436
6 0.555002213368747 0.46812749003984044 0.0655710491367862 0.13390880920761397
6 0.5317618415227975 0.6042496679946877 0.0904714475431607 0.09185480301018148
6 0.457060646303674 0.5278884462151393 0.10209163346613542 0.10070827799911464
6 0.29437804338202733 0.39176626826029204 0.09296148738379809 0.10292164674634792
6 0.3856795042054005 0.4028331119964585 0.10209163346613542 0.130588756086764
6 0.3425188136343513 0.5057547587428064 0.10707171314741035 0.10513501549358119
6 0.40476980965028764 0.6042496679946877 0.07055112881806105 0.12837538733953074
6 0.31678840194776436 0.590969455511288 0.07138114209827351 0.12173528109783084
