6 0.5401921724865243 0.27536911178814144 0.09579329739864069 0.10194516053433318
6 0.5410710100773375 0.38082962268572756 0.07206468244668385 0.11483477853292706
6 0.6104991797515817 0.41012420904616814 0.0870049214905085 0.10194516053433327
6 0.6421373330208575 0.5062104523084132 0.08261073353644247 0.12538082962268562
6 0.5621631122568547 0.4933208343098194 0.0773377079915631 0.18045465198031393
6 0.48218889149285193 0.5191000703070071 0.08612608389969535 0.1792828685258963
6 0.44352003749707036 0.48160299976564314 0.08348957112725568 0.09960159362549796
6 0.43736817436137787 0.36794000468713367 0.07118584485587058 0.1218654792594328
6 0.3609093039606279 0.30700726505741727 0.08436840871806887 0.08788375908132175
6 0.3661823295055072 0.4312163112256853 0.08700492149050856 0.09842981017108035
