6 0.6099287062277203 0.5651079890962464 0.07706018033130634 0.11637659886768709
6 0.60678339274481 0.4602642063325643 0.09514573285804143 0.0901656531767665
6 0.4966974208429438 0.5441392325435099 0.07470119521912341 0.11742503669532395
6 0.5658943174669739 0.32816104005032487 0.067624239882575 0.13000629062696573
6 0.38582512057034996 0.5399454812329627 0.07863283707276156 0.1362969175927867
6 0.4463724051163764 0.456070455022017 0.07470119521912348 0.12895785279932895
6 0.5218599287062274 0.4413923254351015 0.07548752358985111 0.1268609771440553
6 0.4856888236527572 0.3585657370517927 0.07941916544348915 0.10169846928077164
6 0.3771755084923462 0.36066261270706634 0.07863283707276156 0.10589222059131889
6 0.34179073180960357 0.48228140071293746 0.09671838959949665 0.09331096665967707
