7 0.24983399734395742 0.19588313413014607 0.11329681274900401 0.21248339973439573
7 0.45775232403718447 0.27556440903054447 0.1481573705179283 0.19422310756972105
7 0.3058598937583001 0.3386454183266932 0.1518924302788844 0.1643426294820717
7 0.6233399734395748 0.28054448871181936 0.14068725099601603 0.1792828685258964
7 0.5473937583001327 0.449867197875166 0.13197211155378485 0.19256308100929612
7 0.659445551128818 0.5245683930942894 0.10707171314741035 0.2340637450199203
7 0.4602423638778219 0.5544488711819389 0.11827689243027886 0.22410358565737054
7 0.17762284196547137 0.5063081009296148 0.15313745019920316 0.15936254980079678
7 0.333250332005312 0.5660690571049136 0.12076693227091632 0.20086321381142092
7 0.35690571049136777 0.45816733067729076 0.17554780876494022 0.151062416998672
