7 0.6706507304116865 0.39674634794156705 0.10956175298804781 0.19920318725099592
7 0.541168658698539 0.5262284196547143 0.12823705179282865 0.16766268260292166
7 0.5125332005312084 0.38346613545816727 0.15936254980079678 0.14940239043824705
7 0.3867861885790172 0.6324701195219122 0.12325697211155379 0.17762284196547143
7 0.4378320053120849 0.4150066401062417 0.10458167330677288 0.23406374501992022
7 0.4415670650730411 0.2739043824701195 0.14566733067729076 0.12948207171314738
7 0.2896746347941566 0.5511288180610889 0.15189243027888447 0.12782204515272244
7 0.3494355909694555 0.18592297476759626 0.11827689243027886 0.16600265604249664
7 0.22244355909694546 0.2656042496679947 0.11205179282868527 0.22742363877822042
7 0.30834993359893753 0.3685258964143426 0.14317729083665337 0.1859229747675963
