7 0.6454949433037082 0.432117683113699 0.17353662273980994 0.12871590560833587
7 0.5696444989273673 0.25130248237817954 0.1379098988660742 0.19460619062212686
7 0.6052712228011032 0.5378486055776892 0.11607416487894577 0.21146184492798037
7 0.5225252834814587 0.5776892430278884 0.09308918173460007 0.20686484829911128
7 0.3558841556849524 0.6451118602513024 0.17468587189702725 0.12871590560833587
7 0.3961078761875574 0.47349065277352126 0.157447134538768 0.1777505363162733
7 0.4271376034324241 0.3386454183266932 0.15285013790989885 0.1409745632853202
7 0.3558841556849524 0.20686484829911123 0.16664112779650628 0.13331290223720502
7 0.2823322096230462 0.5117989580140974 0.1160741648789457 0.18694452957401167
7 0.23176524670548568 0.3570334048421697 0.18273061599754822 0.17468587189702725
