7 0.6669986719787514 0.5644090305444885 0.10856573705179273 0.1978751660026559
7 0.5574369189907036 0.4807436918990703 0.14840637450199198 0.14873837981407698
7 0.5464807436918989 0.636122177954847 0.1195219123505976 0.1912350597609561
7 0.43393094289508616 0.6135458167330675 0.13944223107569723 0.18725099601593617
7 0.36420982735723756 0.47941567065073026 0.11752988047808761 0.2217795484727755
7 0.441899070385126 0.33333333333333326 0.12250996015936248 0.23373173970783528
7 0.5484727755644089 0.2762284196547144 0.10358565737051793 0.22576361221779545
7 0.35723771580345276 0.2563081009296148 0.09462151394422304 0.2217795484727755
7 0.22576361221779537 0.3253652058432934 0.13147410358565736 0.13280212483399728
7 0.2337317397078352 0.4501992031872509 0.1434262948207171 0.19389110225763606
