7 0.5595265994844151 0.49449261776423703 0.1810405437075228 0.13827044762127957
7 0.5577689243027886 0.6351066322943518 0.15028122802906022 0.14530114834778524
7 0.42154909772673993 0.6644012186547924 0.15291774080149978 0.14764471525662062
7 0.32751347550972565 0.5401921724865244 0.11249121162409181 0.1933442699789078
7 0.43824701195219107 0.5062104523084132 0.13270447621279582 0.16873681743613775
7 0.44879306304194966 0.3573939535973751 0.17137333020857745 0.1499882821654558
7 0.2976329974220763 0.4464494961331144 0.14764471525662054 0.11366299507850945
7 0.22732599015701888 0.2870869463323177 0.13973517693930154 0.17811108507147874
7 0.36442465432388077 0.2718537614248886 0.1309468010311694 0.1699086008905554
7 0.5278884462151392 0.2226388563393484 0.14940239043824696 0.14647293180220292
