8 0.10109561752988044 0.25896414342629487 0.17629482071713148 0.24103585657370524
8 0.16235059760956172 0.4880478087649403 0.1613545816733068 0.2689243027888447
8 0.31175298804780877 0.555776892430279 0.15239043824701196 0.3067729083665339
8 0.2699203187250996 0.21314741035856574 0.14043824701195218 0.2709163346613547
8 0.4641434262948207 0.6215139442231077 0.15239043824701196 0.25697211155378485
8 0.7136454183266933 0.5179282868525897 0.15836653386454183 0.25896414342629487
8 0.7524900398406374 0.199203187250996 0.15537848605577695 0.23306772908366538
8 0.5702191235059761 0.4103585657370518 0.18376494023904388 0.24900398406374508
8 0.5821713147410359 0.18924302788844624 0.1688247011952191 0.22111553784860555
8 0.3939243027888446 0.38446215139442236 0.174800796812749 0.2470119521912351
8 0.40587649402390436 0.13944223107569723 0.174800796812749 0.24900398406374505
