8 0.4817095255342267 0.1503078594712061 0.16162622238319452 0.2281781963056863
8 0.6216044911264035 0.2589641434262948 0.19286490402028253 0.2100688156465049
8 0.7601412531691415 0.5360376675117711 0.1765664614270193 0.2318000724375226
8 0.571350959797175 0.6646142701919594 0.17928286852589637 0.24628757696486786
8 0.5455450923578413 0.46360014487504525 0.21867077145961608 0.20463600144875044
8 0.41651575516117345 0.6139080043462514 0.1575516117348787 0.26439695762404924
8 0.22093444404201373 0.6283955088735965 0.19558131111915975 0.2517203911626223
8 0.3160086925027164 0.46360014487504525 0.14261137269105392 0.20463600144875044
8 0.37441144512857655 0.28250633828323074 0.18743208982252804 0.25896414342629487
8 0.17068091271278518 0.2915610286128214 0.1779246649764578 0.2716407098877219
