8 0.4985059760956175 0.36852589641434264 0.1718127490039841 0.17330677290836657
8 0.6703187250996016 0.4103585657370518 0.2121513944223108 0.23306772908366538
8 0.5881474103585658 0.17330677290836655 0.18376494023904388 0.22908366533864538
8 0.6120517928286853 0.5876494023904383 0.14641434262948208 0.254980079681275
8 0.3401394422310757 0.655378486055777 0.14790836653386458 0.24501992031872508
8 0.16982071713147406 0.5338645418326694 0.1927290836653387 0.23705179282868533
8 0.4626494023904383 0.5338645418326694 0.14940239043824702 0.250996015936255
8 0.28486055776892427 0.3725099601593626 0.18227091633466136 0.23306772908366538
8 0.41633466135458164 0.1354581673306773 0.14940239043824707 0.2549800796812749
8 0.24601593625498003 0.10756972111553785 0.1703187250996016 0.26494023904382474
