8 0.6314741035856575 0.5796812749003984 0.1643426294820717 0.25697211155378485
8 0.6553784860557769 0.3565737051792829 0.1718127490039841 0.2629482071713148
8 0.6807768924302788 0.12350597609561755 0.15089641434262957 0.2410358565737052
8 0.44621513944223107 0.34860557768924305 0.18525896414342638 0.17330677290836657
8 0.4865537848605577 0.5239043824701195 0.15089641434262957 0.2689243027888447
8 0.33565737051792827 0.5358565737051793 0.15089641434262946 0.2828685258964145
8 0.18625498007968125 0.4322709163346614 0.1807768924302789 0.22908366533864538
8 0.198207171314741 0.199203187250996 0.13296812749003983 0.24103585657370524
8 0.5 0.151394422310757 0.174800796812749 0.1952191235059761
8 0.3237051792828685 0.12749003984063745 0.17778884462151393 0.27091633466135456
