8 0.5806772908366533 0.6653386454183268 0.18227091633466136 0.18725099601593626
8 0.6135458167330677 0.47211155378486064 0.18077689243027886 0.21115537848605578
8 0.6449203187250996 0.25298804780876494 0.19422310756972114 0.23705179282868527
8 0.4387450199203187 0.41832669322709165 0.17629482071713143 0.2689243027888447
8 0.3341633466135458 0.5836653386454184 0.17778884462151398 0.23904382470119523
8 0.4850597609561753 0.20916334661354583 0.1583665338645419 0.23705179282868527
8 0.19671314741035853 0.6135458167330679 0.14940239043824702 0.2310756972111553
8 0.198207171314741 0.3944223107569721 0.19721115537848605 0.20119521912350602
8 0.33565737051792827 0.20717131474103587 0.12998007968127487 0.2131474103585658
8 0.12499999999999996 0.18127490039840638 0.1912350597609562 0.22310756972111553
