9 0.5760292164674633 0.38844621513944216 0.08839641434262945 0.11952191235059757
9 0.6183598937583 0.6158698539176626 0.08217131474103585 0.12118193891102255
9 0.4888778220451526 0.448207171314741 0.0946215139442231 0.12616201859229748
9 0.5473937583001327 0.5743691899070384 0.09213147410358558 0.1112217795484727
9 0.5349435590969455 0.7055112881806108 0.09960159362549803 0.102921646746348
9 0.4664674634794156 0.6689907038512616 0.07719123505976094 0.1377822045152722
9 0.37184594953519245 0.34694555112881803 0.07719123505976094 0.13778220451527226
9 0.4116865869853917 0.4747675962815404 0.08715139442231072 0.1377822045152722
9 0.33823041168658685 0.5212483399734396 0.08466135458167331 0.14940239043824696
9 0.2685092961487383 0.4830677290836653 0.08715139442231075 0.14276228419654713
