9 0.5887165623221399 0.31730221969265787 0.0875071143995446 0.12236767216846899
9 0.637805919180421 0.5378486055776891 0.08964143426294811 0.10244735344336933
9 0.6506118383608421 0.6402959590210585 0.08964143426294824 0.13375071143995437
9 0.5054780876494022 0.6274900398406373 0.08323847467273768 0.1309049516220831
9 0.411568013659647 0.6388730791121228 0.09391007398975522 0.12236767216846901
9 0.5129482071713146 0.5264655663062036 0.10885031303357993 0.12663631189527605
9 0.5172168468981216 0.40409789413773467 0.10031303357996585 0.12236767216846894
9 0.37421741605008524 0.5236198064883323 0.10671599317017641 0.11383039271485486
9 0.397694934547524 0.3827546955036994 0.0864399544678429 0.11952191235059757
9 0.29738190096755823 0.4083665338645417 0.09924587364826402 0.10244735344336942
