9 0.41899070385126147 0.34395750332005304 0.0876494023904382 0.13545816733067723
9 0.5106241699867196 0.34794156706507295 0.10258964143426291 0.11288180610889773
9 0.5673970783532535 0.44090305444887107 0.09960159362549796 0.12217795484727755
9 0.5534528552456838 0.5776892430278883 0.10856573705179279 0.11686586985391768
9 0.5783532536520583 0.690571049136786 0.10059760956175293 0.11819389110225755
9 0.4837317397078352 0.4555112881806108 0.08266932270916334 0.1367861885790172
9 0.3831341301460822 0.4528552456839308 0.10358565737051793 0.12881806108897736
9 0.3183930942895085 0.4555112881806108 0.08167330677290838 0.13545816733067717
9 0.4369189907038511 0.5670650730411685 0.08964143426294818 0.1168658698539176
9 0.34528552456839295 0.636122177954847 0.10458167330677288 0.11022576361221778
