9 0.5067231075697209 0.669820717131474 0.0989790836653387 0.11952191235059757
9 0.6075697211155376 0.5191733067729083 0.07843625498007972 0.1369521912350597
9 0.528199701195219 0.3374003984063744 0.10271414342629476 0.11703187250996011
9 0.5029880478087648 0.4805776892430278 0.08684013944223098 0.1394422310756972
9 0.41147908366533853 0.5864043824701194 0.07937001992031872 0.13695219123505978
9 0.31623505976095606 0.6013446215139441 0.08403884462151393 0.13197211155378485
9 0.26207669322709154 0.511703187250996 0.09711155378486054 0.09960159362549796
9 0.3601220119521911 0.4805776892430278 0.09897908366533863 0.10582669322709155
9 0.3638570717131473 0.33864541832669315 0.09150896414342624 0.13944223107569714
9 0.4469621513944222 0.3946713147410358 0.08590637450199198 0.12076693227091632
